semimajor axis, a [meters]: 6871000.000000000000000
 eccentricity, e [-]: 0.000000000000000
 inclination, i [rad]:        1.382000
Perigee argument, omega [rad]:        0.563000
 Right Ascension of Ascending Node, raan [rad],        2.096000
 Initial Mean anomaly [rad]:        0.971205
Latitude	Longitude	Altitude	Station
43.209037000000000	-77.950921000000010	0.000000000000000	0 
42.700192000000000	-77.408628000000010	0.000000000000000	1 
43.204291000000000	-77.469981000000000	0.000000000000000	2 
Elevation wrt 0	Azimuth wrt 0	Range wrt 0	Latitude	Longitude	Altitude	Time	
0.001333141071320	3.364110391648775	2564650.967601774300000	21.705461653907786	-83.037370154777530	500000.000000001860000	2019-10-30T11:17:13.369	
0.018183355882999	3.365440520636399	2459896.788657970300000	22.638041691078158	-82.889763968952600	500000.000000000400000	2019-10-30T11:17:28.369	
0.035800344682547	3.366849244620216	2355179.790187317000000	23.570343823363302	-82.739283738362740	500000.000000000230000	2019-10-30T11:17:43.369	
0.054290657352771	3.368346821372952	2250535.154358878000000	24.502351167928552	-82.585755799970290	500000.000000001860000	2019-10-30T11:17:58.369	
0.073781126480232	3.369945647795003	2146003.499902880000000	25.434046044357082	-82.428998414517180	500000.000000001460000	2019-10-30T11:18:13.369	
0.094423815004289	3.371660844457004	2041632.248099781600000	26.365409910363613	-82.268821123611940	500000.000000000600000	2019-10-30T11:18:28.369	
0.116402442060947	3.373511043108134	1937477.415257123300000	27.296423292222140	-82.105024055080400	500000.000000001460000	2019-10-30T11:18:43.369	
0.139940808756733	3.375519464399032	1833605.991728919600000	28.227065709349358	-81.937397171250920	500000.000000000930000	2019-10-30T11:18:58.369	
0.165313955586148	3.377715418722699	1730099.137991600000000	29.157315592419522	-81.765719454186280	500000.000000003430000	2019-10-30T11:19:13.369	
0.192863085187018	3.380136437491245	1627056.534302539000000	30.087150194313313	-81.589758021255630	500000.000000001750000	2019-10-30T11:19:28.369	
0.223015718249843	3.382831366957785	1524602.382046287900000	31.016545493120894	-81.409267163626610	500000.000000001000000	2019-10-30T11:19:43.369	
0.256313169420020	3.385864972844990	1422893.804141636000000	31.945476086322830	-81.223987299435410	500000.000000002800000	2019-10-30T11:19:58.369	
0.293448292752925	3.389324992399048	1322132.780300774400000	32.873915075166540	-81.033643832349300	500000.000000000760000	2019-10-30T11:20:13.369	
0.335317585471794	3.393333298241184	1222583.361819852000000	33.801833938131770	-80.837945905175700	500000.000000000400000	2019-10-30T11:20:28.369	
0.383093053744343	3.398064270302824	1124596.863302995000000	34.729202392237380	-80.636585036871540	500000.000000001750000	2019-10-30T11:20:43.369	
0.438320182691672	3.403776455841861	1028649.193679260100000	35.655988240782220	-80.429233629847150	500000.000000004370000	2019-10-30T11:20:58.369	
0.503047029961480	3.410870255432558	935396.629282311000000	36.582157205926540	-80.215543332892980	500000.000000002900000	2019-10-30T11:21:13.369	
0.579980361121804	3.420000521474299	845759.053152653700000	37.507672744309200	-79.995143243019070	500000.000000002900000	2019-10-30T11:21:28.369	
0.672633245797537	3.432316424391900	761041.731009009800000	38.432495843651240	-79.767637927543080	500000.000000002300000	2019-10-30T11:21:43.369	
0.785340289872911	3.450034799153520	683102.949526330300000	39.356584798014970	-79.532605245156960	500000.000000002850000	2019-10-30T11:21:58.369	
0.922807402356150	3.478047741712648	614549.981950319500000	40.279894959062844	-79.289593941944120	500000.000000000760000	2019-10-30T11:22:13.369	
1.088461496454423	3.529646924310836	558866.832587705500000	41.202378460283470	-79.038120995083910	500000.000000003840000	2019-10-30T11:22:28.369	
1.280032213422953	3.657185854370518	520217.326012961000000	42.123983910715520	-78.777668673281670	500000.000000005000000	2019-10-30T11:22:43.369	
1.466008524833993	4.331304965450767	502555.553685438640000	43.044656054194320	-78.507681278632100	500000.000000003600000	2019-10-30T11:22:58.369	
1.385300082705258	6.025522777742139	508077.123013704600000	43.964335389553405	-78.227561529793400	500000.000000008560000	2019-10-30T11:23:13.369	
1.187021066198079	0.006034516806386	536062.151873663300000	44.882957746525890	-77.936666540572400	500000.000000006100000	2019-10-30T11:23:28.369	
1.006728506592123	0.084988161296416	583277.101793435500000	45.800453811284285	-77.634303341572500	500000.000000003800000	2019-10-30T11:23:43.369	
0.854626365317571	0.122768305585243	645502.794875204900000	46.716748594613420	-77.319723884879320	500000.000000005240000	2019-10-30T11:23:58.369	
0.729436229505778	0.145082502619266	718835.237871738600000	47.631760834602730	-76.992119463103070	500000.000000006400000	2019-10-30T11:24:13.369	
0.626799321258906	0.159954114574072	800208.039590334300000	48.545402324440890	-76.650614463866530	500000.000000006900000	2019-10-30T11:24:28.369	
0.542076564184989	0.170682389632750	887391.613778755400000	49.457577154357516	-76.294259369145510	500000.000000004370000	2019-10-30T11:24:43.369	
0.471305697023351	0.178870707006072	978812.650637069600000	50.368180854939794	-75.922022895257330	500000.000000005360000	2019-10-30T11:24:58.369	
0.411369515237156	0.185391505088283	1073366.062928557400000	51.277099426901580	-75.532783153519820	500000.000000008030000	2019-10-30T11:25:13.369	
0.359893134731306	0.190759998789548	1170269.122078367700000	52.184208239829520	-75.125317693404850	500000.000000003500000	2019-10-30T11:25:28.369	
0.315084260176585	0.195299968330464	1268959.271607664000000	53.089370779397520	-74.698292268884640	500000.000000001700000	2019-10-30T11:25:43.369	
0.275588130662195	0.199225089392922	1369025.165661434900000	53.992437218926520	-74.250248144389760	500000.000000005650000	2019-10-30T11:25:58.369	
0.240373482647967	0.202682059178197	1470160.560011133000000	54.893242786857660	-73.779587728737200	500000.000000006870000	2019-10-30T11:26:13.369	
0.208647722288556	0.205774930147097	1572133.354919348100000	55.791605896553364	-73.284558293252590	500000.000000008600000	2019-10-30T11:26:28.369	
0.179795158854186	0.208579556171657	1674764.588003423800000	56.687325998680560	-72.763233493711680	500000.000000009400000	2019-10-30T11:26:43.369	
0.153332282647766	0.211152540186964	1777913.982531397100000	57.580181109044710	-72.213492374135530	500000.000000007300000	2019-10-30T11:26:58.369	
0.128875309291899	0.213536978938935	1881469.856531599300000	58.469924955897945	-71.632995484056120	500000.000000007300000	2019-10-30T11:27:13.369	
0.106116473737120	0.215766266924315	1985341.969945050500000	59.356283680133930	-71.019157689465300	500000.000000004700000	2019-10-30T11:27:28.369	
0.084806566162140	0.217866683612049	2089456.379236264000000	60.238952009071774	-70.369117202220920	500000.000000005940000	2019-10-30T11:27:43.369	
0.064741942467621	0.219859194954650	2193751.683520432600000	61.117588809314280	-69.679700294680560	500000.000000009400000	2019-10-30T11:27:58.369	
0.045754766370732	0.221760734131862	2298176.249072346000000	61.991811905999185	-68.947381108755370	500000.000000002850000	2019-10-30T11:28:13.369	
0.027705605920318	0.223585129068925	2402686.131273403300000	62.861192034149305	-68.168235916756090	500000.000000003140000	2019-10-30T11:28:28.369	
0.010477761489799	0.225343785383221	2507243.500310588000000	63.725245762265100	-67.337891153708200	500000.000000007040000	2019-10-30T11:28:43.369	
