semimajor axis, a [meters]: 6871000.000000000000000
 eccentricity, e [-]: 0.000000000000000
 inclination, i [rad]:        0.832000
Perigee argument, omega [rad]:        0.200000
 Right Ascension of Ascending Node, raan [rad],        1.600000
 Initial Mean anomaly [rad]:        0.971205
Latitude	Longitude	Altitude	Station
43.209037000000000	-77.950921000000010	0.000000000000000	0 
42.700192000000000	-77.408628000000010	0.000000000000000	1 
43.204291000000000	-77.469981000000000	0.000000000000000	2 
Elevation wrt 0	Azimuth wrt 0	Range wrt 0	Latitude	Longitude	Altitude	Time	
0.003803869790753	3.813393088080323	2549010.113560026000000	25.098114205722382	-92.722664851898730	500000.000000002150000	2019-10-30T11:26:04.033	
0.019539498305807	3.801287891127041	2451661.297713398500000	25.731374678474900	-91.997305379037780	500000.000000002270000	2019-10-30T11:26:19.033	
0.035881099968690	3.788132452681396	2354711.067440320000000	26.360350994500790	-91.263534441201240	500000.000000001800000	2019-10-30T11:26:34.033	
0.052896687650631	3.773787191829445	2258237.377170970000000	26.984874739834233	-90.521081892558370	500000.000000003000000	2019-10-30T11:26:49.033	
0.070663363367241	3.758087975801737	2162330.568890237000000	27.604772881041363	-89.769675677929300	500000.000000002900000	2019-10-30T11:27:04.033	
0.089268428139330	3.740840786545876	2067096.025040789000000	28.219867627498140	-89.009042109705670	500000.000000003900000	2019-10-30T11:27:19.033	
0.108810454177788	3.721815049362499	1972657.482643136800000	28.829976296864420	-88.238906186735200	500000.000000001300000	2019-10-30T11:27:34.033	
0.129400167290432	3.700735267721040	1879161.187786945000000	29.434911184655956	-87.458991958401360	500000.000000000600000	2019-10-30T11:27:49.033	
0.151160869163650	3.677270526549417	1786781.116508307200000	30.034479438920723	-86.669022937283200	500000.000000003800000	2019-10-30T11:28:04.033	
0.174227934257512	3.651021346266015	1695725.542286116900000	30.628482941134088	-85.868722563881720	500000.000000001100000	2019-10-30T11:28:19.033	
0.198746599526482	3.621503320065785	1606245.287270826500000	31.216718194545354	-85.057814726945220	500000.000000002800000	2019-10-30T11:28:34.033	
0.224866760978099	3.588127012372827	1518644.041389628300000	31.798976221329546	-84.236024343031530	500000.000000001750000	2019-10-30T11:28:49.033	
0.252732710481004	3.550173875027232	1433291.142709932500000	32.375042470027510	-83.403077998900630	500000.000000002150000	2019-10-30T11:29:04.033	
0.282464592297088	3.506768729513452	1350637.127315691400000	32.944696734890170	-82.558704660333200	500000.000000003900000	2019-10-30T11:29:19.033	
0.314126788186172	3.456851208042481	1271232.071261500200000	33.507713088880955	-81.702636450889320	500000.000000001000000	2019-10-30T11:29:34.033	
0.347676641655109	3.399152417507575	1195746.077315686000000	34.063859832229330	-80.834609503935810	500000.000000004300000	2019-10-30T11:29:49.033	
0.382885752272436	3.332190556060307	1124989.922533451800000	34.612899458581220	-79.954364891147210	500000.000000005940000	2019-10-30T11:30:04.033	
0.419227840666042	3.254312225350577	1059931.527990478800000	35.154588640862926	-79.061649630273440	500000.000000003000000	2019-10-30T11:30:19.033	
0.455736850804697	3.163825393388074	1001700.314545572300000	35.688678239320360	-78.156217774699300	500000.000000003400000	2019-10-30T11:30:34.033	
0.490864192082893	3.059289126066662	951567.118575254500000	36.214913333982820	-77.237831586728770	500000.000000002800000	2019-10-30T11:30:49.033	
0.522409909868822	2.940019387278455	910884.289568822700000	36.733033284268440	-76.306262796011400	500000.000000006300000	2019-10-30T11:31:04.033	
0.547653751382097	2.806786134735801	880973.571816713100000	37.242771818353170	-75.361293943773030	500000.000000005240000	2019-10-30T11:31:19.033	
0.563807263063394	2.662467205374099	862964.269929553800000	37.743857155088165	-74.402719812602160	500000.000000001800000	2019-10-30T11:31:34.033	
0.568758261738297	2.512180480065288	857611.691976108900000	38.236012161312960	-73.430348940642000	500000.000000004200000	2019-10-30T11:31:49.033	
0.561803341620245	2.362473252536765	865152.666250699800000	38.718954547459845	-72.444005217782600	500000.000000003200000	2019-10-30T11:32:04.033	
0.543921933508433	2.219748313295624	885256.384572187100000	39.192397104358230	-71.443529560212810	500000.000000005240000	2019-10-30T11:32:19.033	
0.517398773787644	2.088772268003948	917092.631262358700000	39.656047984125095	-70.428781658148800	500000.000000004250000	2019-10-30T11:32:34.033	
0.485057488854250	1.972034502515975	959487.065560932700000	40.109611027960270	-69.399641789982000	500000.000000006050000	2019-10-30T11:32:49.033	
0.449552186640588	1.870005953675949	1011102.865395441000000	40.552786143545980	-68.356012694268640	500000.000000004950000	2019-10-30T11:33:04.033	
0.412974194802806	1.781828770679209	1070595.387846758600000	40.985269734575470	-67.297821489065210	500000.000000005240000	2019-10-30T11:33:19.033	
0.376764978105586	1.705990145181391	1136715.034491113200000	41.406755184695410	-66.225021626058140	500000.000000005530000	2019-10-30T11:33:34.033	
0.341805223282005	1.640789407596278	1208359.344361630500000	41.816933397837865	-65.137594864781160	500000.000000005900000	2019-10-30T11:33:49.033	
0.308561231328982	1.584596185527449	1284587.906873602200000	42.215493396533205	-64.035553249976220	500000.000000001900000	2019-10-30T11:34:04.033	
0.277222862096024	1.535963638299281	1364615.217135635000000	42.602122979331910	-62.918941072932500	500000.000000005240000	2019-10-30T11:34:19.033	
0.247809845201622	1.493659366212457	1447793.061594028700000	42.976509437915340	-61.787836795345360	500000.000000002800000	2019-10-30T11:34:34.033	
0.220245297886671	1.456656365432860	1533589.678024830000000	43.338340333846960	-60.642354912135644	500000.000000005940000	2019-10-30T11:34:49.033	
0.194403130871769	1.424108102126144	1621569.544355641800000	43.687304334198174	-59.482647727608590	500000.000000005800000	2019-10-30T11:35:04.033	
0.170137029098015	1.395319830251388	1711375.492283909800000	44.023092104490814	-58.308907017576080	500000.000000003500000	2019-10-30T11:35:19.033	
0.147297299564555	1.369721557552341	1802713.641896160800000	44.345397256525560	-57.121365548504720	500000.000000002270000	2019-10-30T11:35:34.033	
0.125740084895304	1.346844630271546	1895341.065738684300000	44.653917347730820	-55.920298423681600	500000.000000001700000	2019-10-30T11:35:49.033	
0.105331937835819	1.326302295524807	1989055.849451105300000	44.948354927675860	-54.706024225691380	500000.000000006340000	2019-10-30T11:36:04.033	
0.085951667088421	1.307773924605503	2083689.152671464500000	45.228418626362550	-53.478905924415300	500000.000000004000000	2019-10-30T11:36:19.033	
0.067490638147364	1.290992356082585	2179098.892507245000000	45.493824277862080	-52.239351520257950	500000.000000003500000	2019-10-30T11:36:34.033	
0.049852246092786	1.275733795386582	2275164.721951693300000	45.744296071817330	-50.987814393518875	500000.000000006340000	2019-10-30T11:36:49.033	
0.032950985418354	1.261809765705917	2371784.032628697000000	45.979567724312950	-49.724793332817015	500000.000000004660000	2019-10-30T11:37:04.033	
0.016711362722896	1.249060686703312	2468868.764401315700000	46.199383658655094	-48.450832218196695	500000.000000005000000	2019-10-30T11:37:19.033	
0.001066789616665	1.237350738293774	2566342.849817832500000	46.403500185724255	-47.166519338149186	500000.000000007160000	2019-10-30T11:37:34.033	
