Access Number: 0
2020-01-23T09:24:45.341     437.00000000     436.00000000    438.00000000
2020-01-23T09:25:45.341     437.00000000     436.00000000    438.00000000
2020-01-23T09:26:45.341     437.00000000     436.00000000    438.00000000
2020-01-23T09:27:45.341     437.00000000     436.00000000    438.00000000
2020-01-23T09:28:45.341     437.00000000     436.00000000    438.00000000
2020-01-23T09:29:45.341     437.00000000     436.00000000    438.00000000
2020-01-23T09:30:45.341     437.00000000     436.00000000    438.00000000
2020-01-23T09:31:45.341     437.00000000     436.00000000    438.00000000
2020-01-23T09:32:45.341     437.00000000     436.00000000    438.00000000
2020-01-23T09:33:45.341     437.00000000     436.00000000    438.00000000
2020-01-23T09:34:45.341     437.00000000     436.00000000    438.00000000
2020-01-23T09:35:45.341     437.00000000     436.00000000    438.00000000
2020-01-23T09:36:45.341     437.00000000     436.00000000    438.00000000
2020-01-23T09:37:45.341     437.00000000     436.00000000    438.00000000
2020-01-23T09:38:45.341     437.00000000     436.00000000    438.00000000
Access Number: 1
2020-01-23T11:02:12.812     437.00000000     436.00000000    438.00000000
2020-01-23T11:03:12.812     437.00000000     436.00000000    438.00000000
2020-01-23T11:04:12.812     437.00000000     436.00000000    438.00000000
2020-01-23T11:05:12.812     437.00000000     436.00000000    438.00000000
2020-01-23T11:06:12.812     437.00000000     436.00000000    438.00000000
2020-01-23T11:07:12.812     437.00000000     436.00000000    438.00000000
2020-01-23T11:08:12.812     437.00000000     436.00000000    438.00000000
2020-01-23T11:09:12.812     437.00000000     436.00000000    438.00000000
2020-01-23T11:10:12.812     437.00000000     436.00000000    438.00000000
2020-01-23T11:11:12.812     437.00000000     436.00000000    438.00000000
2020-01-23T11:12:12.812     437.00000000     436.00000000    438.00000000
2020-01-23T11:13:12.812     437.00000000     436.00000000    438.00000000
2020-01-23T11:14:12.812     437.00000000     436.00000000    438.00000000
2020-01-23T11:15:12.812     437.00000000     436.00000000    438.00000000
2020-01-23T11:16:12.812     437.00000000     436.00000000    438.00000000
2020-01-23T11:17:12.812     437.00000000     436.00000000    438.00000000
Access Number: 2
2020-01-23T12:40:30.539     437.00000000     436.00000000    438.00000000
2020-01-23T12:41:30.539     437.00000000     436.00000000    438.00000000
2020-01-23T12:42:30.539     437.00000000     436.00000000    438.00000000
2020-01-23T12:43:30.539     437.00000000     436.00000000    438.00000000
2020-01-23T12:44:30.539     437.00000000     436.00000000    438.00000000
2020-01-23T12:45:30.539     437.00000000     436.00000000    438.00000000
2020-01-23T12:46:30.539     437.00000000     436.00000000    438.00000000
2020-01-23T12:47:30.539     437.00000000     436.00000000    438.00000000
2020-01-23T12:48:30.539     437.00000000     436.00000000    438.00000000
2020-01-23T12:49:30.539     437.00000000     436.00000000    438.00000000
2020-01-23T12:50:30.539     437.00000000     436.00000000    438.00000000
2020-01-23T12:51:30.539     437.00000000     436.00000000    438.00000000
2020-01-23T12:52:30.539     437.00000000     436.00000000    438.00000000
2020-01-23T12:53:30.539     437.00000000     436.00000000    438.00000000
2020-01-23T12:54:30.539     437.00000000     436.00000000    438.00000000
2020-01-23T12:55:30.539     437.00000000     436.00000000    438.00000000
Access Number: 3
2020-01-23T14:19:22.864     437.00000000     436.00000000    438.00000000
2020-01-23T14:20:22.864     437.00000000     436.00000000    438.00000000
2020-01-23T14:21:22.864     437.00000000     436.00000000    438.00000000
2020-01-23T14:22:22.864     437.00000000     436.00000000    438.00000000
2020-01-23T14:23:22.864     437.00000000     436.00000000    438.00000000
2020-01-23T14:24:22.864     437.00000000     436.00000000    438.00000000
2020-01-23T14:25:22.864     437.00000000     436.00000000    438.00000000
2020-01-23T14:26:22.864     437.00000000     436.00000000    438.00000000
2020-01-23T14:27:22.864     437.00000000     436.00000000    438.00000000
2020-01-23T14:28:22.864     437.00000000     436.00000000    438.00000000
2020-01-23T14:29:22.864     437.00000000     436.00000000    438.00000000
2020-01-23T14:30:22.864     437.00000000     436.00000000    438.00000000
2020-01-23T14:31:22.864     437.00000000     436.00000000    438.00000000
2020-01-23T14:32:22.864     437.00000000     436.00000000    438.00000000
2020-01-23T14:33:22.864     437.00000000     436.00000000    438.00000000
