numStations=3
Station 0:Luca: (43.109762, -77.410156)
Station 1:Anthony: (39.7744, -76.679444)
Station 2:Satnogs: (43.229, -79.759)
numEvents=7
Access Number: 0            Sta # 0 Nom         Lower           Upper       Sta # 1 Nom         Lower           Upper       Sta # 2 Nom         Lower           Upper       
2020-03-25T22:22:21.792     437.15704871     437.15703934    437.15705805   437.15453942     437.15452234    437.15455645   437.15700620     437.15699760    437.15701478
2020-03-25T22:23:21.792     437.15437259     437.15435460    437.15439053   437.15034338     437.15031986    437.15036689   437.15462659     437.15461092    437.15464222
2020-03-25T22:24:21.792     437.14999134     437.14996716    437.15001552   437.14597842     437.14596005    437.14599683   437.15078901     437.15076727    437.15081074
2020-03-25T22:25:21.792     437.14561571     437.14559781    437.14563366   437.14318993     437.14318003    437.14319986   437.14660625     437.14658781    437.14662473
2020-03-25T22:26:21.792     437.14294789     437.14293859    437.14295722   437.14176163     437.14175669    437.14176658   437.14369256     437.14368177    437.14370339
2020-03-25T22:26:42.216     437.14238497     437.14237768    437.14239228   437.14146121     437.14145730    437.14146514   437.14303068     437.14302199    437.14303939
Access Number: 1            Sta # 0 Nom         Lower           Upper       Sta # 1 Nom         Lower           Upper       Sta # 2 Nom         Lower           Upper       
2020-03-26T12:18:00.878     437.15672256     437.15671374    437.15673135   437.15744314     437.15743731    437.15744896   437.15734779     437.15734002    437.15735553
2020-03-26T12:19:00.878     437.15435398     437.15433878    437.15436915   437.15589960     437.15588967    437.15590951   437.15514981     437.15513499    437.15516458
2020-03-26T12:20:00.878     437.15072148     437.15070121    437.15074173   437.15338412     437.15336885    437.15339936   437.15137541     437.15135322    437.15139759
2020-03-26T12:21:00.878     437.14680763     437.14679012    437.14682518   437.14996054     437.14994243    437.14997866   437.14696928     437.14694940    437.14698920
2020-03-26T12:22:00.878     437.14397299     437.14396218    437.14398384   437.14655081     437.14653569    437.14656596   437.14381872     437.14380710    437.14383037
2020-03-26T12:22:34.154     437.14294719     437.14293940    437.14295500   437.14503631     437.14502419    437.14504846   437.14273746     437.14272942    437.14274552
Access Number: 2            Sta # 0 Nom         Lower           Upper       Sta # 1 Nom         Lower           Upper       Sta # 2 Nom         Lower           Upper       
2020-03-27T11:56:10.245     437.15818245     437.15817691    437.15818797   437.15871842     437.15871510    437.15872173   437.15838797     437.15838302    437.15839290
2020-03-27T11:57:10.245     437.15653694     437.15652524    437.15654860   437.15776759     437.15776099    437.15777417   437.15689880     437.15688807    437.15690950
2020-03-27T11:58:10.245     437.15321500     437.15319320    437.15323676   437.15586160     437.15584844    437.15587472   437.15375347     437.15373215    437.15377474
2020-03-27T11:59:10.245     437.14832612     437.14830172    437.14835054   437.15233342     437.15231153    437.15235528   437.14876385     437.14873804    437.14878968
2020-03-27T12:00:10.245     437.14433787     437.14432309    437.14435270   437.14771974     437.14769780    437.14774171   437.14448982     437.14447395    437.14450575
2020-03-27T12:01:10.245     437.14223053     437.14222345    437.14223764   437.14416982     437.14415660    437.14418309   437.14224879     437.14224137    437.14225624
2020-03-27T12:01:39.083     437.14165726     437.14165230    437.14166224   437.14308056     437.14307101    437.14309015   437.14165199     437.14164686    437.14165713
Access Number: 3            Sta # 0 Nom         Lower           Upper       Sta # 1 Nom         Lower           Upper       Sta # 2 Nom         Lower           Upper       
2020-03-27T23:19:56.562     437.15523721     437.15522559    437.15524881   437.15250067     437.15248394    437.15251738   437.15597573     437.15596460    437.15598684
2020-03-27T23:20:56.562     437.15235899     437.15234204    437.15237592   437.14891837     437.14890036    437.14893639   437.15305154     437.15303340    437.15306964
2020-03-27T23:21:56.562     437.14875636     437.14873840    437.14877433   437.14569611     437.14568252    437.14570973   437.14903596     437.14901543    437.14905650
2020-03-27T23:22:56.562     437.14556698     437.14555362    437.14558036   437.14352549     437.14351719    437.14353381   437.14541674     437.14540193    437.14543159
2020-03-27T23:23:27.886     437.14432584     437.14431541    437.14433629   437.14277125     437.14276504    437.14277749   437.14406398     437.14405284    437.14407515
Access Number: 4            Sta # 0 Nom         Lower           Upper       Sta # 1 Nom         Lower           Upper       Sta # 2 Nom         Lower           Upper       
2020-03-28T11:34:59.255     437.15789328     437.15788674    437.15789980   437.15881783     437.15881450    437.15882116   437.15770019     437.15769359    437.15770676
2020-03-28T11:35:59.255     437.15594238     437.15592855    437.15595616   437.15782921     437.15782213    437.15783627   437.15579523     437.15578208    437.15580834
2020-03-28T11:36:59.255     437.15213831     437.15211442    437.15216217   437.15569358     437.15567834    437.15570876   437.15227708     437.15225529    437.15229883
2020-03-28T11:37:59.255     437.14719201     437.14716930    437.14721476   437.15154626     437.15152076    437.15157173   437.14769680     437.14767507    437.14771857
2020-03-28T11:38:59.255     437.14367542     437.14366296    437.14368792   437.14650834     437.14648640    437.14653033   437.14418284     437.14416975    437.14419597
2020-03-28T11:39:56.495     437.14197302     437.14196693    437.14197913   437.14333682     437.14332520    437.14334849   437.14234022     437.14233342    437.14234704
Access Number: 5            Sta # 0 Nom         Lower           Upper       Sta # 1 Nom         Lower           Upper       Sta # 2 Nom         Lower           Upper       
2020-03-28T22:57:32.813     437.15786348     437.15785717    437.15786977   437.15620627     437.15619395    437.15621855   437.15825659     437.15825121    437.15826195
2020-03-28T22:58:32.813     437.15602571     437.15601291    437.15603847   437.15281010     437.15278842    437.15283174   437.15664776     437.15663624    437.15665924
2020-03-28T22:59:32.813     437.15254022     437.15251828    437.15256213   437.14808994     437.14806689    437.14811302   437.15333597     437.15331399    437.15335790
2020-03-28T23:00:32.813     437.14785155     437.14782905    437.14787408   437.14432932     437.14431530    437.14434338   437.14836267     437.14833775    437.14838762
2020-03-28T23:01:32.813     437.14421285     437.14419936    437.14422639   437.14230727     437.14230038    437.14231420   437.14430620     437.14429130    437.14432115
2020-03-28T23:02:32.813     437.14226547     437.14225881    437.14227216   437.14132003     437.14131663    437.14132344   437.14219903     437.14219202    437.14220606
2020-03-28T23:02:53.402     437.14185941     437.14185420    437.14186464   437.14111161     437.14110892    437.14111431   437.14177501     437.14176961    437.14178043
Access Number: 6            Sta # 0 Nom         Lower           Upper       Sta # 1 Nom         Lower           Upper       Sta # 2 Nom         Lower           Upper       
2020-03-29T22:36:09.688     437.15809883     437.15809268    437.15810495   437.15640386     437.15639118    437.15641649   437.15815296     437.15814729    437.15815861
2020-03-29T22:37:09.688     437.15624404     437.15623072    437.15625731   437.15279601     437.15277249    437.15281947   437.15647489     437.15646299    437.15648674
2020-03-29T22:38:09.688     437.15248445     437.15246025    437.15250861   437.14769762     437.14767326    437.14772202   437.15311834     437.15309645    437.15314019
2020-03-29T22:39:09.688     437.14736276     437.14733890    437.14738666   437.14387074     437.14385712    437.14388441   437.14824741     437.14822327    437.14827159
2020-03-29T22:40:09.688     437.14367654     437.14366360    437.14368953   437.14196383     437.14195753    437.14197016   437.14430888     437.14429430    437.14432352
2020-03-29T22:41:09.688     437.14187107     437.14186511    437.14187704   437.14107700     437.14107400    437.14108001   437.14222610     437.14221908    437.14223314
2020-03-29T22:41:26.092     437.14157668     437.14157184    437.14158153   437.14092774     437.14092527    437.14093022   437.14187841     437.14187268    437.14188415
