numStations=3
Station 0:Luca: (43.109762, -77.410156)
Station 1:Anthony: (39.7744, -76.679444)
Station 2:Satnogs: (43.229, -79.759)
numEvents=7
NOTE: Azimuth angles are measured clockwise from North. 
Access Number: 0         Satellite (Elevation, Azimuth) wrt Stations (deg)
2020-03-25T22:22:21.792 | 37.247, 137.710      49.439, 118.580      32.212, 128.883      
2020-03-25T22:23:21.792 | 52.543, 120.047      59.732, 76.932      43.820, 111.943      
2020-03-25T22:24:21.792 | 63.230, 72.489      51.769, 31.188      52.400, 78.514      
2020-03-25T22:25:21.792 | 52.730, 24.704      37.562, 11.258      48.017, 39.605      
2020-03-25T22:26:21.792 | 37.502, 6.942      26.345, 2.532      36.502, 17.436      
2020-03-25T22:26:42.216 | 33.177, 3.762      23.272, 0.657      32.711, 12.886      
Access Number: 1
2020-03-26T12:18:00.878 | 30.805, 343.451      21.510, 345.699      32.456, 351.705      
2020-03-26T12:19:00.878 | 40.642, 326.132      28.839, 334.256      45.069, 336.844      
2020-03-26T12:20:00.878 | 47.162, 296.347      35.984, 315.965      56.279, 303.162      
2020-03-26T12:21:00.878 | 43.648, 263.208      39.234, 290.256      52.739, 257.555      
2020-03-26T12:22:00.878 | 34.075, 241.848      35.748, 264.693      39.639, 233.038      
2020-03-26T12:22:34.154 | 28.737, 234.532      31.901, 253.672      32.846, 226.001      
Access Number: 2
2020-03-27T11:56:10.245 | 30.699, 4.046      21.558, 1.083      30.285, 12.329      
2020-03-27T11:57:10.245 | 44.798, 357.313      31.032, 355.404      44.749, 11.272      
2020-03-27T11:58:10.245 | 64.232, 335.591      44.033, 343.725      67.164, 6.985      
2020-03-27T11:59:10.245 | 69.934, 256.087      58.345, 314.092      81.871, 218.678      
2020-03-27T12:00:10.245 | 50.555, 219.927      58.363, 260.465      55.168, 200.034      
2020-03-27T12:01:10.245 | 34.524, 210.627      44.001, 230.700      36.859, 198.025      
2020-03-27T12:01:39.083 | 28.776, 208.400      37.243, 223.865      30.565, 197.621      
Access Number: 3
2020-03-27T23:19:56.562 | 32.392, 221.214      38.870, 241.830      35.745, 210.093      
2020-03-27T23:20:56.562 | 39.401, 243.060      40.497, 270.048      46.058, 232.875      
2020-03-27T23:21:56.562 | 40.719, 271.625      35.191, 294.990      49.397, 269.024      
2020-03-27T23:22:56.562 | 35.115, 296.373      27.329, 311.345      41.735, 299.977      
2020-03-27T23:23:27.886 | 30.980, 305.719      23.378, 317.214      36.153, 310.226      
Access Number: 4
2020-03-28T11:34:59.255 | 33.884, 23.979      24.692, 15.466      31.416, 32.064      
2020-03-28T11:35:59.255 | 49.664, 31.824      36.225, 16.648      44.527, 44.083      
2020-03-28T11:36:59.255 | 70.388, 62.285      54.006, 19.346      58.950, 74.378      
2020-03-28T11:37:59.255 | 67.375, 152.412      80.095, 37.860      58.760, 129.082      
2020-03-28T11:38:59.255 | 46.734, 175.846      68.416, 183.430      44.201, 158.945      
2020-03-28T11:39:56.495 | 32.377, 182.393      46.377, 189.556      31.594, 170.426      
Access Number: 5
2020-03-28T22:57:32.813 | 30.828, 186.640      43.680, 195.416      30.514, 174.982      
2020-03-28T22:58:32.813 | 44.285, 197.363      60.156, 222.202      45.017, 180.189      
2020-03-28T22:59:32.813 | 60.183, 226.015      62.927, 283.674      66.160, 197.678      
2020-03-28T23:00:32.813 | 61.441, 285.690      47.199, 317.698      74.119, 294.145      
2020-03-28T23:01:32.813 | 45.968, 317.580      32.947, 329.618      52.221, 329.599      
2020-03-28T23:02:32.813 | 32.175, 329.265      22.821, 335.265      35.398, 337.132      
2020-03-28T23:02:53.402 | 28.410, 331.608      20.049, 336.576      31.062, 338.490      
Access Number: 6
2020-03-29T22:36:09.688 | 33.196, 159.704      47.779, 153.925      30.280, 149.061      
2020-03-29T22:37:09.688 | 49.459, 156.763      70.812, 136.774      44.211, 141.465      
2020-03-29T22:38:09.688 | 73.782, 142.216      73.644, 18.797      62.891, 118.169      
2020-03-29T22:39:09.688 | 73.220, 6.338      50.123, 356.762      67.860, 45.096      
2020-03-29T22:40:09.688 | 49.150, 352.554      33.815, 352.220      49.688, 9.086      
2020-03-29T22:41:09.688 | 33.124, 349.712      23.075, 350.380      34.176, 358.940      
2020-03-29T22:41:26.092 | 29.825, 349.310      20.761, 350.065      30.857, 357.429      
