numStations=3
Station 0:Luca: (43.109762, -77.410156)
Station 1:Anthony: (39.7744, -76.679444)
Station 2:Satnogs: (43.229, -79.759)
numEvents=6
Access Number: 0            Sta # 0 Nom         Lower           Upper       Sta # 1 Nom         Lower           Upper       Sta # 2 Nom         Lower           Upper       
2020-03-26T14:26:57.241     437.15829316     437.15828777    437.15829852   437.15894143     437.15893849    437.15894436   437.15828288     437.15827769    437.15828805
2020-03-26T14:27:57.241     437.15666489     437.15665312    437.15667660   437.15807823     437.15807209    437.15808434   437.15673044     437.15671932    437.15674151
2020-03-26T14:28:57.241     437.15325224     437.15322949    437.15327494   437.15623486     437.15622167    437.15624800   437.15352055     437.15349910    437.15354194
2020-03-26T14:29:57.241     437.14813715     437.14811185    437.14816249   437.15252665     437.15250282    437.15255044   437.14859432     437.14856921    437.14861945
2020-03-26T14:30:57.241     437.14408906     437.14407448    437.14410370   437.14746077     437.14743700    437.14748459   437.14445266     437.14443726    437.14446811
2020-03-26T14:31:57.241     437.14204780     437.14204108    437.14205454   437.14375643     437.14374330    437.14376960   437.14226529     437.14225799    437.14227262
2020-03-26T14:32:19.615     437.14161150     437.14160646    437.14161656   437.14290106     437.14289117    437.14291100   437.14179016     437.14178465    437.14179568
Access Number: 1            Sta # 0 Nom         Lower           Upper       Sta # 1 Nom         Lower           Upper       Sta # 2 Nom         Lower           Upper       
2020-03-27T01:50:20.673     437.15719674     437.15718906    437.15720439   437.15522481     437.15521106    437.15523853   437.15775608     437.15774943    437.15776270
2020-03-27T01:51:20.673     437.15506712     437.15505299    437.15508121   437.15172913     437.15170844    437.15174980   437.15582721     437.15581383    437.15584054
2020-03-27T01:52:20.673     437.15151147     437.15149065    437.15153227   437.14751332     437.14749364    437.14753303   437.15223220     437.15220991    437.15225446
2020-03-27T01:53:20.673     437.14732413     437.14730482    437.14734347   437.14429424     437.14428197    437.14430656   437.14756842     437.14754649    437.14759039
2020-03-27T01:54:20.673     437.14418728     437.14417537    437.14419921   437.14246427     437.14245776    437.14247081   437.14406003     437.14404712    437.14407298
2020-03-27T01:55:14.565     437.14254735     437.14254061    437.14255412   437.14157523     437.14157157    437.14157890   437.14233233     437.14232547    437.14233922
Access Number: 2            Sta # 0 Nom         Lower           Upper       Sta # 1 Nom         Lower           Upper       Sta # 2 Nom         Lower           Upper       
2020-03-27T14:06:56.295     437.15676097     437.15675111    437.15677080   437.15827093     437.15826590    437.15827594   437.15640853     437.15639876    437.15641827
2020-03-27T14:07:56.295     437.15399234     437.15397407    437.15401057   437.15678552     437.15677498    437.15679601   437.15378931     437.15377263    437.15380595
2020-03-27T14:08:56.295     437.14965999     437.14963664    437.14968333   437.15376599     437.15374584    437.15378610   437.14991825     437.14989743    437.14993907
2020-03-27T14:09:56.295     437.14549206     437.14547513    437.14550904   437.14905024     437.14902555    437.14907494   437.14607716     437.14606077    437.14609359
2020-03-27T14:10:49.687     437.14316098     437.14315135    437.14317064   437.14521456     437.14519724    437.14523194   437.14372220     437.14371200    437.14373244
Access Number: 3            Sta # 0 Nom         Lower           Upper       Sta # 1 Nom         Lower           Upper       Sta # 2 Nom         Lower           Upper       
2020-03-28T01:29:19.789     437.15821653     437.15821094    437.15822210   437.15670981     437.15669832    437.15672125   437.15842000     437.15841507    437.15842492
2020-03-28T01:30:19.789     437.15653719     437.15652513    437.15654920   437.15338088     437.15335865    437.15340307   437.15693373     437.15692300    437.15694441
2020-03-28T01:31:19.789     437.15308242     437.15305966    437.15310513   437.14833245     437.14830716    437.14835778   437.15378346     437.15376206    437.15380480
2020-03-28T01:32:19.789     437.14803329     437.14800856    437.14805805   437.14423739     437.14422246    437.14425237   437.14876645     437.14874049    437.14879244
2020-03-28T01:33:19.789     437.14408301     437.14406875    437.14409733   437.14213885     437.14213191    437.14214581   437.14447273     437.14445682    437.14448869
2020-03-28T01:34:19.789     437.14207822     437.14207159    437.14208489   437.14116609     437.14116281    437.14116937   437.14223252     437.14222512    437.14223994
2020-03-28T01:34:48.030     437.14155227     437.14154762    437.14155693   437.14090393     437.14090159    437.14090629   437.14164859     437.14164345    437.14165375
Access Number: 4            Sta # 0 Nom         Lower           Upper       Sta # 1 Nom         Lower           Upper       Sta # 2 Nom         Lower           Upper       
2020-03-29T01:09:02.587     437.15754888     437.15754102    437.15755672   437.15538721     437.15537195    437.15540243   437.15750881     437.15750149    437.15751610
2020-03-29T01:10:02.587     437.15523855     437.15522249    437.15525455   437.15138492     437.15136097    437.15140885   437.15542624     437.15541209    437.15544035
2020-03-29T01:11:02.587     437.15105723     437.15103252    437.15108192   437.14666668     437.14664586    437.14668755   437.15175569     437.15173367    437.15177768
2020-03-29T01:12:02.587     437.14630706     437.14628666    437.14632750   437.14346988     437.14345854    437.14348127   437.14728130     437.14726068    437.14730197
2020-03-29T01:13:02.587     437.14323412     437.14322341    437.14324487   437.14185191     437.14184641    437.14185743   437.14397929     437.14396703    437.14399159
2020-03-29T01:13:45.082     437.14205105     437.14204471    437.14205741   437.14123829     437.14123495    437.14124165   437.14259057     437.14258294    437.14259822
Access Number: 5            Sta # 0 Nom         Lower           Upper       Sta # 1 Nom         Lower           Upper       Sta # 2 Nom         Lower           Upper       
2020-03-29T15:05:36.375     437.15583121     437.15582049    437.15584189   437.15675793     437.15675075    437.15676510   437.15656629     437.15655647    437.15657609
2020-03-29T15:06:36.375     437.15309597     437.15307934    437.15311257   437.15491470     437.15490322    437.15492615   437.15390626     437.15388919    437.15392329
2020-03-29T15:07:36.375     437.14941658     437.14939753    437.14943564   437.15215928     437.15214345    437.15217511   437.14991783     437.14989632    437.14993934
2020-03-29T15:08:36.375     437.14594330     437.14592845    437.14595818   437.14882963     437.14881304    437.14884624   437.14596504     437.14594829    437.14598182
2020-03-29T15:09:28.533     437.14381540     437.14380568    437.14382515   437.14617558     437.14616207    437.14618912   437.14362177     437.14361140    437.14363217
