numStations=3
Station 0:Luca: (43.109762, -77.410156)
Station 1:Anthony: (39.7744, -76.679444)
Station 2:Satnogs: (43.229, -79.759)
numEvents=6
NOTE: Azimuth angles are measured clockwise from North. 
Access Number: 0         Satellite (Elevation, Azimuth) wrt Stations (deg)
2020-03-26T14:26:57.241 | 31.537, 13.648      22.446, 8.158      30.176, 21.831      
2020-03-26T14:27:57.241 | 46.819, 13.594      32.880, 5.715      44.288, 27.353      
2020-03-26T14:28:57.241 | 70.556, 12.785      48.545, 359.953      64.758, 44.961      
2020-03-26T14:29:57.241 | 78.834, 197.460      70.584, 336.051      73.699, 134.481      
2020-03-26T14:30:57.241 | 52.458, 195.501      70.369, 233.923      52.568, 173.638      
2020-03-26T14:31:57.241 | 35.043, 195.333      48.297, 210.422      35.595, 182.116      
2020-03-26T14:32:19.615 | 30.298, 195.329      41.673, 207.586      30.849, 183.738      
Access Number: 1
2020-03-27T01:50:20.673 | 30.526, 199.665      41.226, 213.637      31.516, 188.041      
2020-03-27T01:51:20.673 | 41.738, 215.021      51.278, 243.144      45.084, 199.658      
2020-03-27T01:52:20.673 | 51.388, 245.354      50.010, 283.576      60.358, 230.481      
2020-03-27T01:53:20.673 | 49.430, 285.311      39.168, 309.822      59.918, 288.517      
2020-03-27T01:54:20.673 | 38.511, 310.635      28.388, 322.934      44.571, 318.129      
2020-03-27T01:55:14.565 | 28.864, 322.404      20.741, 329.595      32.385, 328.615      
Access Number: 2
2020-03-27T14:06:56.295 | 37.873, 38.550      28.710, 25.094      33.698, 46.155      
2020-03-27T14:07:56.295 | 52.234, 58.713      41.679, 32.372      44.201, 66.175      
2020-03-27T14:08:56.295 | 60.374, 105.338      59.516, 52.175      49.667, 100.370      
2020-03-27T14:09:56.295 | 49.949, 147.803      68.572, 117.846      43.692, 134.024      
2020-03-27T14:10:49.687 | 37.204, 164.065      54.203, 159.931      34.249, 151.869      
Access Number: 3
2020-03-28T01:29:19.789 | 31.447, 173.234      45.585, 175.269      29.844, 161.989      
2020-03-28T01:30:19.789 | 46.551, 177.690      68.029, 187.540      44.276, 160.624      
2020-03-28T01:31:19.789 | 68.882, 194.203      77.298, 307.431      66.662, 155.405      
2020-03-28T01:32:19.789 | 74.662, 306.093      52.891, 335.801      81.753, 14.435      
2020-03-28T01:33:19.789 | 51.338, 333.635      35.558, 340.767      55.241, 351.301      
2020-03-28T01:34:19.789 | 34.648, 339.330      24.235, 342.893      36.942, 348.790      
2020-03-28T01:34:48.030 | 28.937, 340.705      20.200, 343.547      30.777, 348.296      
Access Number: 4
2020-03-29T01:09:02.587 | 35.527, 145.390      48.944, 130.915      31.250, 135.841      
2020-03-29T01:10:02.587 | 51.526, 133.099      64.278, 92.791      43.771, 122.054      
2020-03-29T01:11:02.587 | 67.984, 90.224      58.753, 32.498      55.847, 90.412      
2020-03-29T01:12:02.587 | 59.619, 24.935      42.124, 9.205      53.881, 43.542      
2020-03-29T01:13:02.587 | 41.845, 4.766      29.203, 0.572      40.880, 17.085      
2020-03-29T01:13:45.082 | 32.126, 359.138      22.439, 357.327      32.166, 8.031      
Access Number: 5
2020-03-29T15:05:36.375 | 31.480, 335.374      22.120, 339.735      34.012, 343.495      
2020-03-29T15:06:36.375 | 39.384, 315.163      28.633, 326.380      45.074, 323.801      
2020-03-29T15:07:36.375 | 42.204, 286.327      33.832, 306.808      50.995, 288.545      
2020-03-29T15:08:36.375 | 37.122, 259.550      34.637, 282.960      44.559, 253.874      
2020-03-29T15:09:28.533 | 29.853, 244.032      31.144, 264.064      34.853, 236.573      
