semimajor axis, a [meters]: 6871000.000000000000000
 eccentricity, e [-]: 0.000000000000000
 inclination, i [rad]:        1.382000
Perigee argument, omega [rad]:        0.563000
 Right Ascension of Ascending Node, raan [rad],        2.096000
 Initial Mean anomaly [rad]:        0.971205
Latitude	Longitude	Altitude	Station
0.751981147060969	-1.355756142252390	0.000000000000000	0 
0.751334572386275	-1.355399362046697	0.000000000000000	1 
0.751997535702645	-1.355562585238344	0.000000000000000	2 
Elevation wrt 0	Azimuth wrt 0	Range wrt 0	Latitude	Longitude	Altitude	Time	
0.000048940140611	3.376989042142023	2555076.181037015300000	21.715919518283660	-83.035730461618480	492863.000000001300000	2019-10-30T11:17:13.537	
0.016839912977165	3.378802512972114	2450242.158230169700000	22.648496530317622	-82.888092985738740	492863.000000002150000	2019-10-30T11:17:28.537	
0.034395991925052	3.380738419999817	2345445.312238037000000	23.580795452369090	-82.737579560466530	492863.000000002740000	2019-10-30T11:17:43.537	
0.052824002278976	3.382813582699245	2240720.841533706000000	24.512799392998890	-82.584016435598260	492863.000000002800000	2019-10-30T11:17:58.537	
0.072251205719756	3.385048334225462	2136109.413035961300000	25.444490662492490	-82.427221777771690	492863.000000001100000	2019-10-30T11:18:13.537	
0.092830311318017	3.387467485648551	2031658.544112529000000	26.375850708516992	-82.267005026993900	492863.000000001460000	2019-10-30T11:18:28.537	
0.114745991645904	3.390101626247486	1927424.418769330500000	27.306860046486740	-82.103166201390930	492863.000000000900000	2019-10-30T11:18:43.537	
0.138223438059987	3.392988904859316	1823474.302075324300000	28.237498184077733	-81.935495144821970	492863.000000000930000	2019-10-30T11:18:58.537	
0.163539705219137	3.396177513427298	1719889.789626495200000	29.167743539266120	-81.763770711353790	492863.000000000760000	2019-10-30T11:19:13.537	
0.191038905871182	3.399729218171603	1616771.238618701200000	30.097573351192626	-81.587759880025330	492863.000000000600000	2019-10-30T11:19:28.537	
0.221152764235181	3.403724492511743	1514243.894900319600000	31.026963583071460	-81.407216792429410	492863.000000002740000	2019-10-30T11:19:43.537	
0.254428673791772	3.408270167919360	1412466.490102340500000	31.955888816267166	-81.221881704868500	492863.000000002700000	2019-10-30T11:19:58.537	
0.291568291261211	3.413511170396092	1311643.489118641000000	32.884322134555180	-81.031479845798740	492863.000000000900000	2019-10-30T11:20:13.537	
0.333480858557062	3.419649133159380	1212042.807424686800000	33.812234997457940	-80.835720168214950	492863.000000001750000	2019-10-30T11:20:28.537	
0.381356748130149	3.426973086254148	1114021.822049834000000	34.739597101407840	-80.634293985256680	492863.000000003400000	2019-10-30T11:20:43.537	
0.436767522192906	3.435912454011900	1018066.050793088300000	35.666376227327370	-80.426873476004090	492863.000000002000000	2019-10-30T11:20:58.537	
0.501796886041312	3.447133831786640	924847.148178239600000	36.592538073030600	-80.213110046668770	492863.000000000700000	2019-10-30T11:21:13.537	
0.579195841510957	3.461730303620553	835309.759490470300000	37.518046068639270	-79.992632530550040	492863.000000001900000	2019-10-30T11:21:28.537	
0.672517695510693	3.481625515729500	750798.901369405100000	38.442861172960190	-79.765045207973770	492862.999999999940000	2019-10-30T11:21:43.537	
0.786081750940878	3.510540357942598	673235.230250261500000	39.366941648491064	-79.529925624982980	492863.000000001400000	2019-10-30T11:21:58.537	
0.924348214768749	3.556696911419766	605317.813275476500000	40.290242812393400	-79.286822186681690	492863.000000001750000	2019-10-30T11:22:13.537	
1.089678028918687	3.642318163596185	550646.616319806500000	41.212716760396810	-79.035251497942450	492863.000000004250000	2019-10-30T11:22:28.537	
1.275349907448257	3.851330665120834	513484.294771833800000	42.134312060159530	-78.774695420470350	492863.000000003100000	2019-10-30T11:22:43.537	
1.424816907660231	4.666985820902437	497775.859975844500000	43.054973410103470	-78.504597810870300	492863.000000004000000	2019-10-30T11:22:58.537	
1.337843617416147	5.868160576757045	505526.640470233450000	43.974641259149800	-78.224360899558830	492863.000000007500000	2019-10-30T11:23:13.537	
1.151954045998212	6.183889960416386	535714.699483978400000	44.893251382090746	-77.933341264530910	492863.000000003430000	2019-10-30T11:23:28.537	
0.978038749071468	0.012346613817934	584866.237703876100000	45.810734404527090	-77.630845347543000	492863.000000004370000	2019-10-30T11:23:43.537	
0.830560578473077	0.068253468163675	648671.042854748300000	46.727015270353880	-77.316124452655200	492863.000000006700000	2019-10-30T11:23:58.537	
0.709024144419089	0.101842695464097	723244.587858654200000	47.642012643667854	-76.988369158255610	492863.000000001750000	2019-10-30T11:24:13.537	
0.609302711641507	0.124360080234348	805582.775037729200000	48.555638235663680	-76.646703063623690	492863.000000002440000	2019-10-30T11:24:28.537	
0.526907717131974	0.140602924737528	893520.893037949700000	49.467796045543736	-76.290175779240070	492863.000000006600000	2019-10-30T11:24:43.537	
0.458003032271698	0.152953628361784	985538.996956951000000	50.378381502649020	-75.917755056474950	492863.000000003430000	2019-10-30T11:24:58.537	
0.399574829850680	0.162727081733359	1080572.186497525000000	51.287280494861310	-75.528317936544280	492863.000000004830000	2019-10-30T11:25:13.537	
0.349329310929345	0.170707624674693	1177867.004804009300000	52.194368265769924	-75.120640780246760	492863.000000002040000	2019-10-30T11:25:28.537	
0.305536151004310	0.177391854370700	1276882.038829541500000	53.099508160057860	-74.693388019026370	492863.000000006340000	2019-10-30T11:25:43.537	
0.266887453182742	0.183109384065201	1377221.271363020600000	54.002550192939616	-74.245099443394580	492863.000000003600000	2019-10-30T11:25:58.537	
0.232387359886384	0.188087540387915	1478589.677598144200000	54.903329415166425	-73.774175816801350	492863.000000005200000	2019-10-30T11:26:13.537	
0.201270149665444	0.192488163089038	1580763.470286982600000	55.801664039949394	-73.278862570760150	492863.000000004900000	2019-10-30T11:26:28.537	
0.172940683383954	0.196429592825385	1683569.927446573000000	56.697353291980360	-72.757231300414290	492863.000000010770000	2019-10-30T11:26:43.537	
0.146931313333001	0.200000361825699	1786873.519726879400000	57.590174931327525	-72.207158738118480	492863.000000003400000	2019-10-30T11:26:58.537	
0.122870618058385	0.203268022483828	1890566.223578893000000	58.479882396121350	-71.626302836036330	492863.000000005600000	2019-10-30T11:27:13.537	
0.100460564211326	0.206285015024637	1994560.653038169300000	59.366201497312616	-71.012075537454540	492863.000000005100000	2019-10-30T11:27:28.537	
0.079459677368601	0.209092671058478	2098785.117101247000000	60.248826586049110	-70.361611760859720	492863.000000004830000	2019-10-30T11:27:43.537	
0.059670520015741	0.211724008983983	2203180.012028410600000	61.127416098970286	-69.671734062950280	492863.000000008700000	2019-10-30T11:27:58.537	
0.040930280578900	0.214205726102720	2307695.152505460000000	62.001587368515565	-68.938912389140280	492863.000000005400000	2019-10-30T11:28:13.537	
0.023103629647301	0.216559644376806	2412287.772330477000000	62.870910563688710	-68.159218268382300	492863.000000004370000	2019-10-30T11:28:28.537	
0.006077244121976	0.218803776967774	2516921.008910524000000	63.734901601111280	-67.328272771724810	492863.000000010700000	2019-10-30T11:28:43.537	
