semimajor axis, a [meters]: 6871000.000000000000000
 eccentricity, e [-]: 0.000000000000000
 inclination, i [rad]:        0.832000
Perigee argument, omega [rad]:        0.200000
 Right Ascension of Ascending Node, raan [rad],        1.600000
 Initial Mean anomaly [rad]:        0.971205
Latitude	Longitude	Altitude	Station
0.751981147060969	-1.355756142252390	0.000000000000000	0 
0.751334572386275	-1.355399362046697	0.000000000000000	1 
0.751997535702645	-1.355562585238344	0.000000000000000	2 
Elevation wrt 0	Azimuth wrt 0	Range wrt 0	Latitude	Longitude	Altitude	Time	
0.000102205351751	3.827064052761274	2554736.512306566000000	25.081195994575975	-92.741865775166840	492863.000000000350000	2019-10-30T11:26:03.633	
0.015741917487395	3.815466419000670	2456959.921427720700000	25.714568277086006	-92.016726592945660	492863.000000001500000	2019-10-30T11:26:18.633	
0.031984608147375	3.802859906015337	2359548.147182248500000	26.343660825209300	-91.283183110265570	492862.999999999600000	2019-10-30T11:26:33.633	
0.048899060561891	3.789109844590481	2262575.031790468400000	26.968305346071833	-90.540965235560520	492863.000000002800000	2019-10-30T11:26:48.633	
0.066563578864010	3.774057680079703	2166126.162358818000000	27.588328931034500	-89.789800961074460	492863.000000000930000	2019-10-30T11:27:03.633	
0.085067278871421	3.757515707285107	2070301.412969243000000	28.203553917897560	-89.029416638724770	492863.000000001300000	2019-10-30T11:27:18.633	
0.104511415727738	3.739260450253888	1975218.131771742600000	28.813797756277932	-88.259537297828250	492863.000000004130000	2019-10-30T11:27:33.633	
0.125010627081632	3.719024308168093	1881015.153405905200000	29.418872877059894	-87.479887007917750	492863.000000002300000	2019-10-30T11:27:48.633	
0.146693864107711	3.696484988972673	1787857.867479113600000	30.018586566921390	-86.690189290088260	492863.000000005600000	2019-10-30T11:28:03.633	
0.169704602678132	3.671252142164524	1695944.634596240700000	30.612740849048194	-85.890167580266860	492863.000000001750000	2019-10-30T11:28:18.633	
0.194199626954431	3.642850501347680	1605514.909979167600000	31.201132371265075	-85.079545748028640	492863.000000001100000	2019-10-30T11:28:33.633	
0.220345186061878	3.610698807169822	1516859.501770743400000	31.783552302934552	-84.258048674527220	492863.000000003140000	2019-10-30T11:28:48.633	
0.248308537832718	3.574083920049910	1430333.433611214000000	32.359786242102580	-83.425402893167190	492863.000000003400000	2019-10-30T11:29:03.633	
0.278241680241477	3.532130103146242	1346371.848768629400000	32.929614134503950	-82.581337296616400	492863.000000002270000	2019-10-30T11:29:18.633	
0.310252314095883	3.483764976677081	1265509.186033172800000	33.492810206176880	-81.725583913640660	492863.000000002270000	2019-10-30T11:29:33.633	
0.344354828859421	3.427687111292062	1188401.292288390700000	34.049142911576920	-80.857878759161650	492863.000000003430000	2019-10-30T11:29:48.633	
0.380391980098448	3.362347396076824	1115848.908926295100000	34.598374899231540	-79.977962760660120	492863.000000003140000	2019-10-30T11:30:03.633	
0.417918029796897	3.285969783746924	1048818.652171041400000	35.140262997048296	-79.085582763815800	492863.000000005200000	2019-10-30T11:30:18.633	
0.456041543929857	3.196659062666680	988453.797539964100000	35.674558219735330	-78.180492619853850	492863.000000005240000	2019-10-30T11:30:33.633	
0.493250075360246	3.092670661134210	936062.020580589700000	36.201005800579175	-77.262454356578290	492863.000000002270000	2019-10-30T11:30:48.633	
0.527289474357672	2.972927534840530	893062.579171362600000	36.719345250294900	-76.331239434527840	492863.000000004500000	2019-10-30T11:31:03.633	
0.555239524514050	2.837800922717189	860876.205879614000000	37.229310445566340	-75.386630088904640	492863.000000003840000	2019-10-30T11:31:18.633	
0.573952392027277	2.689944624620046	840754.768355901800000	37.730629750060615	-74.428420757110500	492863.000000006340000	2019-10-30T11:31:33.633	
0.580880098720254	2.534636441503668	833578.167661501200000	38.223026170761180	-73.456419590701200	492863.000000002850000	2019-10-30T11:31:48.633	
0.574980434419233	2.379025309075014	839680.697642249800000	38.706217552515206	-72.470450049452610	492863.000000003140000	2019-10-30T11:32:03.633	
0.557143638223257	2.230342955917815	858778.271401884700000	39.179916813703150	-71.470352573878200	492863.000000004830000	2019-10-30T11:32:18.633	
0.529826001636866	2.094065520435180	890030.568734526600000	39.643832225918540	-70.455986331079400	492863.000000003260000	2019-10-30T11:32:33.633	
0.496161615938027	1.973060040311057	932208.875053215500000	40.097667740478770	-69.427231027251050	492863.000000005200000	2019-10-30T11:32:48.633	
0.459111610927256	1.867855238796712	983899.481881677200000	40.541123364470150	-68.383988778233100	492863.000000002270000	2019-10-30T11:33:03.633	
0.420991340576651	1.777460165883591	1043678.254889904200000	40.973895588857880	-67.326186027757030	492863.000000006600000	2019-10-30T11:33:18.633	
0.383370871095547	1.700161586811817	1110225.887404979400000	41.395677870952280	-66.253775500821650	492863.000000003840000	2019-10-30T11:33:33.633	
0.347185852558446	1.634063665685897	1182384.878188164000000	41.806161173217040	-65.166738177586780	492863.000000005300000	2019-10-30T11:33:48.633	
0.312912000824370	1.577374955695341	1259174.424565860000000	42.205034560021430	-64.065085270888940	492863.000000002100000	2019-10-30T11:34:03.633	
0.280725117367735	1.528526244238212	1339780.978032547700000	42.591985853478030	-62.948860188275170	492863.000000004660000	2019-10-30T11:34:18.633	
0.250621371273883	1.486196261466319	1423537.754735144800000	42.966702348962100	-61.818140457155850	492863.000000005650000	2019-10-30T11:34:33.633	
0.222498461721309	1.449295066177076	1509901.272819501600000	43.328871590281054	-60.673039589571140	492863.000000006170000	2019-10-30T11:34:48.633	
0.196206656482082	1.416932176068703	1598429.049334170500000	43.678182203749600	-59.513708861010870	492863.000000004830000	2019-10-30T11:35:03.633	
0.171579158665595	1.388382402691063	1688760.162490104300000	44.014324789633270	-58.340338975935150	492863.000000007570000	2019-10-30T11:35:18.633	
0.148449204284404	1.363054775430391	1780599.085303718000000	44.336992868554890	-57.153161591112195	492863.000000003260000	2019-10-30T11:35:33.633	
0.126659015986557	1.340466247839089	1873702.590258428100000	44.645883879523760	-55.952450666796025	492863.000000004200000	2019-10-30T11:35:48.633	
0.106063934659399	1.320220245732147	1967869.296438387100000	44.940700225257930	-54.738523615017460	492863.000000005000000	2019-10-30T11:36:03.633	
0.086533796276776	1.301989492071091	2062931.388542803200000	45.221150359442470	-53.511742214231376	492863.000000005650000	2019-10-30T11:36:18.633	
0.067952804941373	1.285502381587531	2158748.075907219700000	45.486949909517236	-52.272513259968700	492863.000000004500000	2019-10-30T11:36:33.633	
0.050218641663966	1.270532209164581	2255200.425804493000000	45.737822827543040	-51.021288922393836	492863.000000005000000	2019-10-30T11:36:48.633	
0.033241235795139	1.256888654383861	2352187.274172294400000	45.973502560674680	-49.758566783610840	492863.000000005000000	2019-10-30T11:37:03.633	
0.016941438240673	1.244411035126299	2449621.978472249000000	46.193733231806790	-48.484889530252270	492863.000000004800000	2019-10-30T11:37:18.633	
0.001249724482703	1.232962943867370	2547429.828635248400000	46.398270820078970	-47.200844280467820	492863.000000008300000	2019-10-30T11:37:33.633	
